[1] 1
 [1] 13 14  1  2  3  4  5  6  7  8  9 10 11 12 15 16 17 18 19 20
[1] 2
 [1]  1  2  3  4  5  6  7  8  9 10 11 12 13 14 15 16 17 18 19 20
[1] 3
 [1]  1  2  3  4  5  6  7  8  9 10 11 12 13 14 15 16 17 18 19 20
[1] 4
 [1]  1 14 13  8  6  5 11  4  2  3  7  9 10 12 15 16 17 18 19 20
[1] 5
 [1]  8  7 14  1  2  3  4  5  6  9 10 11 12 13 15 16 17 18 19 20
[1] 6
 [1]  6  3  4  2 19  1  5  7  8  9 10 11 12 13 14 15 16 17 18 20
[1] 7
 [1] 15  2  1 16  3 18  9  6  8 17 19 14  7 20  5 11  4 10 12 13
[1] 8
 [1]  7  1  2  3  4  5  6  8  9 10 11 12 13 14 15 16 17 18 19 20
[1] 9
 [1]  1  2  3  4  5  6  7  8  9 10 11 12 13 14 15 16 17 18 19 20
[1] 10
 [1] 13 18  2 15  1 16  3  4  5  6  7  8  9 10 11 12 14 17 19 20
[1] 11
 [1]  3  1  7  2  8 14  4  5  6  9 10 11 12 13 15 16 17 18 19 20
[1] 12
 [1]  1  2  3  4  5  6  7  8  9 10 11 12 13 14 15 16 17 18 19 20
[1] 13
 [1]  1  2  3  4  5  6  7  8  9 10 11 12 13 14 15 16 17 18 19 20
[1] 14
 [1]  7  1  2  3  4  5  6  8  9 10 11 12 13 14 15 16 17 18 19 20
[1] 15
 [1] 15  7 13  2 14  6  1  3  4  5  8  9 10 11 12 16 17 18 19 20
[1] 16
 [1]  1  2  3  4  5  6  7  8  9 10 11 12 13 14 15 16 17 18 19 20
[1] 17
 [1]  1  2  3  4  5  6  7  8  9 10 11 12 13 14 15 16 17 18 19 20
[1] 18
 [1]  1  2  3  4  5  6  7  8  9 10 11 12 13 14 15 16 17 18 19 20
[1] 19
 [1] 14  7  1  2  3  4  5  6  8  9 10 11 12 13 15 16 17 18 19 20
[1] 20
 [1]  1  2  3  4  5  6  7  8  9 10 11 12 13 14 15 16 17 18 19 20
